0,40.75244522094727,-73.96720886230467,1465851672
1,40.765331268310554,-73.94657135009764,1465852494
