0,40.756881713867195,-73.97157287597656,1462658114
1,40.75904083251953,-73.9862289428711,1462658675
