0,40.74446868896485,-73.98907470703125,1462427113
1,40.74451446533203,-73.9890365600586,1462427155
