0,40.74601745605469,-73.99447631835938,1465704220
1,40.74021911621094,-73.98696899414062,1465704493
