0,40.74309921264648,-74.0002212524414,1462956625
1,40.7470817565918,-73.99645233154298,1462956793
