0,40.78678131103516,-73.97762298583984,1463768158
1,40.80167007446289,-73.93697357177734,1463769273
