0,40.745990753173835,-73.97895050048828,1456856320
1,40.76263046264648,-73.98470306396483,1456857546
