0,40.71682357788086,-74.00819396972656,1455312840
1,40.74202728271485,-73.99447631835938,1455313601
