0,40.785980224609375,-73.97817993164062,1454949638
1,40.78915023803711,-73.97025299072266,1454950272
