0,40.7959213256836,-73.96170043945312,1465254211
1,40.788619995117195,-73.94345092773438,1465254749
