0,40.75508499145508,-73.99525451660156,1461292205
1,40.78998947143555,-73.9461441040039,1461293174
