0,40.76602935791016,-73.98700714111328,1461280697
1,40.78382110595703,-73.97029113769531,1461281218
