0,40.74930953979492,-74.00328826904298,1461181530
1,40.7376365661621,-73.997802734375,1461182044
